101 117 0
102 117 0
100 118 0
103 118 0
104 118 0
105 118 0
106 118 0
99 119 0
107 119 0
108 119 0
109 119 0
110 119 0
97 120 0
98 120 0
111 120 0
112 120 0
113 120 0
114 120 0
115 120 0
116 120 0
117 120 0
120 120 0
96 121 0
118 121 0
119 121 0
120 121 0
94 122 0
95 122 0
121 122 0
93 123 0
122 123 0
90 124 0
91 124 0
92 124 0
123 124 0
87 125 0
88 125 0
89 125 0
123 125 0
126 125 0
127 125 0
86 126 0
124 126 0
125 126 0
128 126 0
85 127 0
129 127 0
84 128 0
129 128 0
84 129 0
130 129 0
84 130 0
130 130 0
83 131 0
84 131 0
130 131 0
82 132 0
129 132 0
80 133 0
81 133 0
129 133 0
80 134 0
129 134 0
79 135 0
130 135 0
79 136 0
131 136 0
78 137 0
132 137 0
77 138 0
133 138 0
77 139 0
134 139 0
77 140 0
134 140 0
76 141 0
134 141 0
76 142 0
135 142 0
76 143 0
135 143 0
77 144 0
136 144 0
78 145 0
136 145 0
77 146 0
136 146 0
77 147 0
137 147 0
77 148 0
137 148 0
78 149 0
138 149 0
78 150 0
139 150 0
78 151 0
139 151 0
78 152 0
139 152 0
79 153 0
139 153 0
79 154 0
138 154 0
79 155 0
137 155 0
79 156 0
137 156 0
78 157 0
136 157 0
79 158 0
136 158 0
79 159 0
136 159 0
80 160 0
136 160 0
81 161 0
136 161 0
82 162 0
136 162 0
82 163 0
136 163 0
83 164 0
135 164 0
83 165 0
134 165 0
83 166 0
134 166 0
84 167 0
133 167 0
84 168 0
132 168 0
85 169 0
131 169 0
132 169 0
85 170 0
130 170 0
86 171 0
87 171 0
128 171 0
129 171 0
88 172 0
124 172 0
125 172 0
126 172 0
127 172 0
89 173 0
124 173 0
90 174 0
111 174 0
112 174 0
113 174 0
123 174 0
91 175 0
111 175 0
114 175 0
122 175 0
92 176 0
93 176 0
94 176 0
95 176 0
110 176 0
115 176 0
121 176 0
95 177 0
96 177 0
97 177 0
98 177 0
109 177 0
116 177 0
120 177 0
99 178 0
100 178 0
108 178 0
117 178 0
118 178 0
119 178 0
101 179 0
102 179 0
107 179 0
103 180 0
106 180 0
104 181 0
105 181 0
101 117 1
102 117 1
100 118 1
103 118 1
104 118 1
99 119 1
105 119 1
106 119 1
107 119 1
108 119 1
109 119 1
98 120 1
110 120 1
111 120 1
112 120 1
119 120 1
120 120 1
97 121 1
113 121 1
114 121 1
115 121 1
116 121 1
117 121 1
118 121 1
120 121 1
95 122 1
96 122 1
121 122 1
93 123 1
94 123 1
122 123 1
92 124 1
122 124 1
90 125 1
91 125 1
123 125 1
127 125 1
87 126 1
88 126 1
89 126 1
124 126 1
126 126 1
127 126 1
86 127 1
125 127 1
128 127 1
85 128 1
128 128 1
85 129 1
129 129 1
85 130 1
130 130 1
84 131 1
131 131 1
83 132 1
130 132 1
82 133 1
130 133 1
80 134 1
81 134 1
130 134 1
80 135 1
130 135 1
131 135 1
80 136 1
131 136 1
79 137 1
132 137 1
78 138 1
133 138 1
78 139 1
133 139 1
77 140 1
134 140 1
77 141 1
134 141 1
76 142 1
135 142 1
76 143 1
135 143 1
77 144 1
136 144 1
77 145 1
136 145 1
76 146 1
136 146 1
76 147 1
137 147 1
77 148 1
137 148 1
78 149 1
138 149 1
78 150 1
139 150 1
78 151 1
139 151 1
77 152 1
139 152 1
78 153 1
139 153 1
78 154 1
138 154 1
79 155 1
137 155 1
79 156 1
137 156 1
78 157 1
136 157 1
79 158 1
136 158 1
79 159 1
136 159 1
80 160 1
136 160 1
81 161 1
136 161 1
82 162 1
135 162 1
82 163 1
135 163 1
82 164 1
134 164 1
83 165 1
133 165 1
83 166 1
132 166 1
133 166 1
84 167 1
132 167 1
85 168 1
131 168 1
85 169 1
130 169 1
85 170 1
128 170 1
129 170 1
86 171 1
127 171 1
87 172 1
88 172 1
125 172 1
126 172 1
127 172 1
128 172 1
89 173 1
113 173 1
124 173 1
90 174 1
91 174 1
110 174 1
111 174 1
112 174 1
114 174 1
123 174 1
92 175 1
93 175 1
94 175 1
95 175 1
96 175 1
110 175 1
115 175 1
122 175 1
130 175 1
96 176 1
109 176 1
116 176 1
121 176 1
97 177 1
98 177 1
109 177 1
117 177 1
120 177 1
121 177 1
99 178 1
100 178 1
108 178 1
118 178 1
119 178 1
120 178 1
101 179 1
102 179 1
107 179 1
102 180 1
103 180 1
106 180 1
104 181 1
105 181 1
101 118 2
102 118 2
103 118 2
100 119 2
104 119 2
105 119 2
99 120 2
106 120 2
107 120 2
108 120 2
109 120 2
110 120 2
117 120 2
118 120 2
119 120 2
98 121 2
111 121 2
112 121 2
113 121 2
114 121 2
116 121 2
117 121 2
120 121 2
96 122 2
97 122 2
115 122 2
116 122 2
121 122 2
95 123 2
122 123 2
93 124 2
94 124 2
123 124 2
92 125 2
123 125 2
127 125 2
90 126 2
91 126 2
124 126 2
125 126 2
126 126 2
128 126 2
87 127 2
88 127 2
89 127 2
128 127 2
86 128 2
128 128 2
86 129 2
128 129 2
86 130 2
129 130 2
84 131 2
85 131 2
130 131 2
83 132 2
130 132 2
82 133 2
131 133 2
81 134 2
130 134 2
80 135 2
130 135 2
131 135 2
80 136 2
131 136 2
80 137 2
132 137 2
79 138 2
132 138 2
78 139 2
133 139 2
77 140 2
133 140 2
77 141 2
133 141 2
77 142 2
134 142 2
76 143 2
135 143 2
76 144 2
136 144 2
76 145 2
136 145 2
76 146 2
136 146 2
76 147 2
137 147 2
77 148 2
138 148 2
77 149 2
138 149 2
77 150 2
138 150 2
77 151 2
138 151 2
77 152 2
139 152 2
77 153 2
139 153 2
78 154 2
138 154 2
78 155 2
138 155 2
78 156 2
137 156 2
78 157 2
137 157 2
79 158 2
137 158 2
79 159 2
137 159 2
80 160 2
137 160 2
80 161 2
136 161 2
81 162 2
135 162 2
81 163 2
135 163 2
82 164 2
134 164 2
83 165 2
133 165 2
83 166 2
132 166 2
84 167 2
131 167 2
132 167 2
85 168 2
130 168 2
86 169 2
130 169 2
86 170 2
128 170 2
129 170 2
87 171 2
127 171 2
88 172 2
128 172 2
89 173 2
111 173 2
112 173 2
113 173 2
114 173 2
125 173 2
126 173 2
127 173 2
90 174 2
91 174 2
92 174 2
93 174 2
94 174 2
95 174 2
96 174 2
109 174 2
110 174 2
115 174 2
124 174 2
130 174 2
97 175 2
109 175 2
116 175 2
123 175 2
129 175 2
131 175 2
96 176 2
108 176 2
116 176 2
122 176 2
130 176 2
97 177 2
108 177 2
116 177 2
117 177 2
121 177 2
98 178 2
108 178 2
118 178 2
119 178 2
120 178 2
121 178 2
99 179 2
100 179 2
107 179 2
119 179 2
101 180 2
106 180 2
102 181 2
103 181 2
104 181 2
105 181 2
101 119 3
102 119 3
103 119 3
104 119 3
100 120 3
105 120 3
106 120 3
114 120 3
120 120 3
99 121 3
107 121 3
108 121 3
109 121 3
110 121 3
111 121 3
114 121 3
118 121 3
119 121 3
120 121 3
96 122 3
97 122 3
98 122 3
112 122 3
113 122 3
114 122 3
115 122 3
116 122 3
117 122 3
121 122 3
95 123 3
96 123 3
97 123 3
115 123 3
116 123 3
122 123 3
93 124 3
94 124 3
95 124 3
122 124 3
91 125 3
92 125 3
93 125 3
123 125 3
88 126 3
89 126 3
90 126 3
91 126 3
92 126 3
124 126 3
126 126 3
127 126 3
87 127 3
90 127 3
125 127 3
127 127 3
87 128 3
88 128 3
128 128 3
87 129 3
88 129 3
128 129 3
86 130 3
87 130 3
129 130 3
84 131 3
85 131 3
86 131 3
129 131 3
83 132 3
130 132 3
83 133 3
131 133 3
80 134 3
81 134 3
82 134 3
130 134 3
81 135 3
130 135 3
131 135 3
81 136 3
131 136 3
80 137 3
132 137 3
79 138 3
133 138 3
78 139 3
133 139 3
78 140 3
133 140 3
77 141 3
134 141 3
77 142 3
135 142 3
77 143 3
135 143 3
77 144 3
136 144 3
77 145 3
136 145 3
77 146 3
136 146 3
77 147 3
136 147 3
77 148 3
137 148 3
78 149 3
137 149 3
78 150 3
138 150 3
78 151 3
139 151 3
77 152 3
138 152 3
78 153 3
139 153 3
78 154 3
139 154 3
79 155 3
138 155 3
79 156 3
137 156 3
79 157 3
136 157 3
80 158 3
137 158 3
80 159 3
137 159 3
80 160 3
138 160 3
81 161 3
137 161 3
81 162 3
136 162 3
81 163 3
135 163 3
82 164 3
134 164 3
83 165 3
133 165 3
134 165 3
83 166 3
131 166 3
132 166 3
84 167 3
131 167 3
132 167 3
85 168 3
131 168 3
132 168 3
85 169 3
131 169 3
132 169 3
86 170 3
130 170 3
131 170 3
132 170 3
87 171 3
128 171 3
129 171 3
130 171 3
131 171 3
132 171 3
88 172 3
89 172 3
129 172 3
130 172 3
131 172 3
132 172 3
90 173 3
91 173 3
92 173 3
93 173 3
94 173 3
95 173 3
96 173 3
111 173 3
112 173 3
113 173 3
124 173 3
128 173 3
129 173 3
130 173 3
131 173 3
132 173 3
96 174 3
97 174 3
109 174 3
110 174 3
114 174 3
115 174 3
124 174 3
125 174 3
126 174 3
127 174 3
129 174 3
130 174 3
131 174 3
97 175 3
108 175 3
116 175 3
123 175 3
128 175 3
131 175 3
97 176 3
107 176 3
117 176 3
122 176 3
129 176 3
130 176 3
131 176 3
98 177 3
107 177 3
117 177 3
118 177 3
119 177 3
122 177 3
130 177 3
99 178 3
107 178 3
120 178 3
121 178 3
122 178 3
99 179 3
107 179 3
100 180 3
106 180 3
107 180 3
101 181 3
104 181 3
105 181 3
102 182 3
103 182 3
100 119 4
101 119 4
102 119 4
103 119 4
104 119 4
111 119 4
112 119 4
113 119 4
99 120 4
105 120 4
106 120 4
107 120 4
111 120 4
112 120 4
113 120 4
114 120 4
96 121 4
97 121 4
98 121 4
108 121 4
109 121 4
110 121 4
112 121 4
113 121 4
115 121 4
120 121 4
95 122 4
116 122 4
118 122 4
119 122 4
121 122 4
93 123 4
94 123 4
116 123 4
117 123 4
118 123 4
122 123 4
91 124 4
92 124 4
116 124 4
117 124 4
122 124 4
88 125 4
89 125 4
90 125 4
123 125 4
87 126 4
124 126 4
86 127 4
124 127 4
125 127 4
126 127 4
86 128 4
126 128 4
127 128 4
86 129 4
127 129 4
83 130 4
84 130 4
85 130 4
128 130 4
83 131 4
128 131 4
82 132 4
129 132 4
80 133 4
81 133 4
82 133 4
130 133 4
79 134 4
130 134 4
79 135 4
80 135 4
129 135 4
79 136 4
80 136 4
130 136 4
131 136 4
78 137 4
79 137 4
80 137 4
132 137 4
77 138 4
78 138 4
79 138 4
132 138 4
77 139 4
78 139 4
133 139 4
77 140 4
133 140 4
77 141 4
133 141 4
77 142 4
134 142 4
76 143 4
77 143 4
135 143 4
76 144 4
135 144 4
76 145 4
136 145 4
76 146 4
136 146 4
76 147 4
136 147 4
76 148 4
77 148 4
137 148 4
77 149 4
137 149 4
77 150 4
78 150 4
138 150 4
77 151 4
139 151 4
77 152 4
139 152 4
78 153 4
139 153 4
78 154 4
79 154 4
139 154 4
78 155 4
79 155 4
138 155 4
79 156 4
138 156 4
79 157 4
137 157 4
79 158 4
80 158 4
136 158 4
80 159 4
137 159 4
80 160 4
137 160 4
80 161 4
137 161 4
80 162 4
136 162 4
81 163 4
136 163 4
82 164 4
135 164 4
83 165 4
135 165 4
83 166 4
133 166 4
134 166 4
83 167 4
133 167 4
134 167 4
84 168 4
133 168 4
85 169 4
86 169 4
133 169 4
86 170 4
87 170 4
133 170 4
88 171 4
133 171 4
89 172 4
111 172 4
133 172 4
90 173 4
94 173 4
95 173 4
109 173 4
110 173 4
112 173 4
128 173 4
133 173 4
91 174 4
92 174 4
93 174 4
94 174 4
95 174 4
107 174 4
108 174 4
113 174 4
124 174 4
125 174 4
126 174 4
127 174 4
128 174 4
132 174 4
133 174 4
96 175 4
107 175 4
114 175 4
115 175 4
116 175 4
117 175 4
123 175 4
124 175 4
127 175 4
132 175 4
97 176 4
106 176 4
116 176 4
118 176 4
119 176 4
120 176 4
122 176 4
128 176 4
132 176 4
97 177 4
98 177 4
106 177 4
120 177 4
121 177 4
129 177 4
130 177 4
131 177 4
98 178 4
106 178 4
121 178 4
130 178 4
99 179 4
106 179 4
100 180 4
105 180 4
101 181 4
104 181 4
105 181 4
101 182 4
102 182 4
103 182 4
111 118 5
112 118 5
113 118 5
99 119 5
100 119 5
101 119 5
102 119 5
103 119 5
104 119 5
105 119 5
110 119 5
114 119 5
96 120 5
97 120 5
98 120 5
106 120 5
107 120 5
108 120 5
109 120 5
110 120 5
115 120 5
95 121 5
115 121 5
116 121 5
93 122 5
94 122 5
116 122 5
120 122 5
91 123 5
92 123 5
117 123 5
119 123 5
120 123 5
121 123 5
88 124 5
89 124 5
90 124 5
116 124 5
118 124 5
119 124 5
120 124 5
121 124 5
87 125 5
117 125 5
118 125 5
119 125 5
120 125 5
121 125 5
122 125 5
86 126 5
117 126 5
118 126 5
119 126 5
120 126 5
122 126 5
123 126 5
85 127 5
118 127 5
119 127 5
123 127 5
85 128 5
124 128 5
125 128 5
83 129 5
84 129 5
85 129 5
125 129 5
126 129 5
82 130 5
126 130 5
127 130 5
81 131 5
82 131 5
127 131 5
128 131 5
79 132 5
80 132 5
81 132 5
128 132 5
79 133 5
128 133 5
129 133 5
78 134 5
128 134 5
129 134 5
77 135 5
78 135 5
128 135 5
77 136 5
78 136 5
129 136 5
76 137 5
77 137 5
129 137 5
130 137 5
131 137 5
76 138 5
130 138 5
131 138 5
76 139 5
131 139 5
132 139 5
76 140 5
132 140 5
76 141 5
133 141 5
76 142 5
133 142 5
75 143 5
134 143 5
75 144 5
134 144 5
135 144 5
75 145 5
135 145 5
74 146 5
75 146 5
135 146 5
136 146 5
74 147 5
75 147 5
136 147 5
75 148 5
137 148 5
76 149 5
137 149 5
76 150 5
138 150 5
76 151 5
139 151 5
76 152 5
139 152 5
76 153 5
77 153 5
140 153 5
77 154 5
139 154 5
77 155 5
139 155 5
78 156 5
138 156 5
78 157 5
138 157 5
78 158 5
137 158 5
79 159 5
138 159 5
79 160 5
138 160 5
79 161 5
137 161 5
80 162 5
137 162 5
80 163 5
81 163 5
137 163 5
82 164 5
136 164 5
137 164 5
82 165 5
136 165 5
82 166 5
135 166 5
83 167 5
135 167 5
84 168 5
134 168 5
135 168 5
136 168 5
85 169 5
134 169 5
135 169 5
136 169 5
85 170 5
86 170 5
134 170 5
135 170 5
87 171 5
134 171 5
135 171 5
88 172 5
109 172 5
110 172 5
134 172 5
89 173 5
105 173 5
106 173 5
107 173 5
108 173 5
111 173 5
124 173 5
125 173 5
134 173 5
89 174 5
90 174 5
91 174 5
92 174 5
93 174 5
106 174 5
112 174 5
122 174 5
123 174 5
126 174 5
133 174 5
94 175 5
95 175 5
105 175 5
106 175 5
113 175 5
118 175 5
119 175 5
120 175 5
122 175 5
126 175 5
127 175 5
132 175 5
133 175 5
96 176 5
105 176 5
114 176 5
115 176 5
117 176 5
121 176 5
127 176 5
128 176 5
132 176 5
96 177 5
105 177 5
116 177 5
128 177 5
131 177 5
97 178 5
105 178 5
129 178 5
130 178 5
131 178 5
98 179 5
99 179 5
105 179 5
100 180 5
105 180 5
101 181 5
104 181 5
102 182 5
103 182 5
113 116 6
111 117 6
112 117 6
113 117 6
95 118 6
96 118 6
97 118 6
98 118 6
99 118 6
110 118 6
114 118 6
94 119 6
95 119 6
96 119 6
97 119 6
98 119 6
100 119 6
101 119 6
102 119 6
103 119 6
104 119 6
105 119 6
109 119 6
114 119 6
93 120 6
94 120 6
95 120 6
106 120 6
107 120 6
108 120 6
109 120 6
115 120 6
91 121 6
92 121 6
93 121 6
94 121 6
116 121 6
89 122 6
90 122 6
91 122 6
92 122 6
116 122 6
88 123 6
89 123 6
90 123 6
116 123 6
87 124 6
88 124 6
116 124 6
86 125 6
87 125 6
117 125 6
121 125 6
122 125 6
85 126 6
86 126 6
117 126 6
120 126 6
122 126 6
84 127 6
85 127 6
118 127 6
119 127 6
122 127 6
83 128 6
84 128 6
123 128 6
82 129 6
84 129 6
124 129 6
125 129 6
80 130 6
81 130 6
126 130 6
79 131 6
80 131 6
81 131 6
126 131 6
79 132 6
127 132 6
78 133 6
128 133 6
77 134 6
128 134 6
76 135 6
128 135 6
76 136 6
128 136 6
75 137 6
76 137 6
129 137 6
75 138 6
130 138 6
75 139 6
131 139 6
75 140 6
131 140 6
74 141 6
75 141 6
131 141 6
132 141 6
74 142 6
75 142 6
131 142 6
132 142 6
74 143 6
133 143 6
73 144 6
74 144 6
134 144 6
73 145 6
74 145 6
134 145 6
73 146 6
134 146 6
135 146 6
136 146 6
73 147 6
137 147 6
74 148 6
137 148 6
74 149 6
75 149 6
138 149 6
74 150 6
75 150 6
139 150 6
74 151 6
75 151 6
140 151 6
74 152 6
75 152 6
140 152 6
141 152 6
74 153 6
75 153 6
141 153 6
74 154 6
75 154 6
76 154 6
140 154 6
75 155 6
76 155 6
139 155 6
75 156 6
76 156 6
77 156 6
139 156 6
76 157 6
77 157 6
138 157 6
77 158 6
137 158 6
78 159 6
137 159 6
78 160 6
138 160 6
79 161 6
137 161 6
79 162 6
137 162 6
80 163 6
137 163 6
80 164 6
81 164 6
137 164 6
81 165 6
137 165 6
138 165 6
81 166 6
136 166 6
137 166 6
138 166 6
82 167 6
136 167 6
137 167 6
83 168 6
137 168 6
83 169 6
84 169 6
137 169 6
84 170 6
85 170 6
136 170 6
85 171 6
86 171 6
110 171 6
111 171 6
135 171 6
86 172 6
87 172 6
105 172 6
106 172 6
107 172 6
108 172 6
109 172 6
111 172 6
134 172 6
135 172 6
87 173 6
88 173 6
89 173 6
90 173 6
91 173 6
92 173 6
93 173 6
104 173 6
111 173 6
124 173 6
125 173 6
126 173 6
134 173 6
88 174 6
94 174 6
105 174 6
111 174 6
120 174 6
121 174 6
122 174 6
123 174 6
126 174 6
133 174 6
95 175 6
104 175 6
112 175 6
119 175 6
121 175 6
126 175 6
132 175 6
133 175 6
94 176 6
95 176 6
104 176 6
113 176 6
117 176 6
118 176 6
126 176 6
127 176 6
132 176 6
94 177 6
95 177 6
104 177 6
114 177 6
115 177 6
116 177 6
127 177 6
131 177 6
96 178 6
97 178 6
103 178 6
104 178 6
128 178 6
130 178 6
131 178 6
98 179 6
99 179 6
102 179 6
103 179 6
104 179 6
129 179 6
130 179 6
100 180 6
101 180 6
102 180 6
103 180 6
104 180 6
102 181 6
103 181 6
112 116 7
113 116 7
111 117 7
113 117 7
95 118 7
96 118 7
97 118 7
110 118 7
114 118 7
94 119 7
98 119 7
99 119 7
100 119 7
101 119 7
108 119 7
109 119 7
114 119 7
93 120 7
102 120 7
103 120 7
104 120 7
105 120 7
108 120 7
115 120 7
92 121 7
106 121 7
107 121 7
115 121 7
91 122 7
116 122 7
89 123 7
90 123 7
117 123 7
88 124 7
117 124 7
87 125 7
117 125 7
85 126 7
86 126 7
118 126 7
120 126 7
121 126 7
84 127 7
119 127 7
121 127 7
83 128 7
84 128 7
122 128 7
123 128 7
82 129 7
124 129 7
81 130 7
125 130 7
79 131 7
80 131 7
126 131 7
78 132 7
126 132 7
77 133 7
127 133 7
76 134 7
128 134 7
76 135 7
128 135 7
75 136 7
128 136 7
75 137 7
129 137 7
74 138 7
130 138 7
74 139 7
130 139 7
73 140 7
74 140 7
131 140 7
73 141 7
131 141 7
73 142 7
131 142 7
73 143 7
132 143 7
73 144 7
132 144 7
133 144 7
73 145 7
132 145 7
133 145 7
73 146 7
132 146 7
133 146 7
73 147 7
133 147 7
134 147 7
135 147 7
136 147 7
73 148 7
137 148 7
73 149 7
138 149 7
139 149 7
74 150 7
139 150 7
74 151 7
140 151 7
74 152 7
140 152 7
73 153 7
140 153 7
74 154 7
139 154 7
74 155 7
138 155 7
75 156 7
138 156 7
75 157 7
76 157 7
138 157 7
76 158 7
137 158 7
77 159 7
138 159 7
78 160 7
138 160 7
79 161 7
138 161 7
80 162 7
137 162 7
80 163 7
138 163 7
81 164 7
138 164 7
81 165 7
138 165 7
82 166 7
138 166 7
83 167 7
138 167 7
83 168 7
137 168 7
84 169 7
137 169 7
84 170 7
136 170 7
85 171 7
135 171 7
86 172 7
90 172 7
91 172 7
92 172 7
106 172 7
107 172 7
108 172 7
109 172 7
110 172 7
111 172 7
112 172 7
134 172 7
87 173 7
88 173 7
89 173 7
93 173 7
94 173 7
104 173 7
105 173 7
112 173 7
134 173 7
94 174 7
104 174 7
112 174 7
121 174 7
123 174 7
124 174 7
125 174 7
133 174 7
95 175 7
103 175 7
113 175 7
120 175 7
122 175 7
125 175 7
133 175 7
95 176 7
103 176 7
114 176 7
115 176 7
119 176 7
125 176 7
133 176 7
95 177 7
103 177 7
116 177 7
117 177 7
118 177 7
119 177 7
125 177 7
126 177 7
132 177 7
95 178 7
96 178 7
103 178 7
127 178 7
132 178 7
97 179 7
102 179 7
128 179 7
130 179 7
131 179 7
98 180 7
99 180 7
101 180 7
129 180 7
130 180 7
99 181 7
100 181 7
129 181 7
112 116 8
111 117 8
112 117 8
113 117 8
109 118 8
110 118 8
114 118 8
95 119 8
96 119 8
97 119 8
98 119 8
109 119 8
114 119 8
94 120 8
99 120 8
100 120 8
101 120 8
102 120 8
103 120 8
109 120 8
115 120 8
93 121 8
104 121 8
105 121 8
106 121 8
107 121 8
108 121 8
116 121 8
91 122 8
92 122 8
116 122 8
90 123 8
116 123 8
89 124 8
116 124 8
88 125 8
116 125 8
86 126 8
87 126 8
117 126 8
121 126 8
85 127 8
118 127 8
119 127 8
120 127 8
122 127 8
84 128 8
123 128 8
83 129 8
124 129 8
125 129 8
82 130 8
125 130 8
79 131 8
81 131 8
126 131 8
79 132 8
80 132 8
126 132 8
78 133 8
127 133 8
77 134 8
127 134 8
76 135 8
128 135 8
76 136 8
128 136 8
75 137 8
129 137 8
75 138 8
130 138 8
74 139 8
130 139 8
74 140 8
130 140 8
74 141 8
131 141 8
73 142 8
131 142 8
73 143 8
131 143 8
73 144 8
131 144 8
72 145 8
132 145 8
73 146 8
132 146 8
73 147 8
133 147 8
134 147 8
135 147 8
136 147 8
73 148 8
137 148 8
74 149 8
138 149 8
139 149 8
74 150 8
140 150 8
74 151 8
140 151 8
74 152 8
140 152 8
73 153 8
140 153 8
74 154 8
139 154 8
74 155 8
138 155 8
75 156 8
138 156 8
76 157 8
138 157 8
76 158 8
137 158 8
77 159 8
138 159 8
78 160 8
137 160 8
79 161 8
138 161 8
80 162 8
138 162 8
80 163 8
138 163 8
81 164 8
138 164 8
81 165 8
138 165 8
81 166 8
138 166 8
82 167 8
138 167 8
83 168 8
137 168 8
84 169 8
137 169 8
85 170 8
136 170 8
86 171 8
135 171 8
87 172 8
88 172 8
89 172 8
90 172 8
91 172 8
134 172 8
135 172 8
92 173 8
93 173 8
106 173 8
107 173 8
108 173 8
109 173 8
110 173 8
111 173 8
112 173 8
134 173 8
93 174 8
104 174 8
105 174 8
111 174 8
112 174 8
122 174 8
124 174 8
125 174 8
134 174 8
94 175 8
103 175 8
111 175 8
112 175 8
113 175 8
115 175 8
121 175 8
123 175 8
125 175 8
133 175 8
94 176 8
102 176 8
111 176 8
112 176 8
113 176 8
114 176 8
116 176 8
120 176 8
124 176 8
132 176 8
94 177 8
102 177 8
117 177 8
118 177 8
119 177 8
125 177 8
132 177 8
95 178 8
96 178 8
102 178 8
126 178 8
131 178 8
97 179 8
101 179 8
127 179 8
131 179 8
98 180 8
99 180 8
100 180 8
128 180 8
129 180 8
130 180 8
131 180 8
129 181 8
130 181 8
111 117 9
110 118 9
112 118 9
113 118 9
94 119 9
95 119 9
96 119 9
97 119 9
98 119 9
109 119 9
110 119 9
114 119 9
93 120 9
99 120 9
100 120 9
101 120 9
102 120 9
103 120 9
109 120 9
110 120 9
111 120 9
115 120 9
91 121 9
92 121 9
104 121 9
105 121 9
106 121 9
107 121 9
109 121 9
110 121 9
115 121 9
90 122 9
108 122 9
116 122 9
89 123 9
116 123 9
88 124 9
116 124 9
86 125 9
87 125 9
116 125 9
86 126 9
87 126 9
117 126 9
118 126 9
120 126 9
121 126 9
85 127 9
119 127 9
121 127 9
122 127 9
84 128 9
122 128 9
123 128 9
82 129 9
83 129 9
124 129 9
81 130 9
125 130 9
80 131 9
126 131 9
79 132 9
80 132 9
125 132 9
78 133 9
125 133 9
126 133 9
77 134 9
126 134 9
76 135 9
77 135 9
127 135 9
75 136 9
128 136 9
75 137 9
128 137 9
74 138 9
129 138 9
74 139 9
129 139 9
73 140 9
130 140 9
73 141 9
130 141 9
74 142 9
130 142 9
74 143 9
131 143 9
73 144 9
131 144 9
73 145 9
132 145 9
73 146 9
132 146 9
73 147 9
133 147 9
134 147 9
135 147 9
136 147 9
73 148 9
137 148 9
74 149 9
138 149 9
74 150 9
139 150 9
74 151 9
140 151 9
74 152 9
140 152 9
73 153 9
140 153 9
74 154 9
139 154 9
75 155 9
138 155 9
76 156 9
138 156 9
76 157 9
138 157 9
77 158 9
137 158 9
77 159 9
138 159 9
78 160 9
137 160 9
79 161 9
137 161 9
80 162 9
137 162 9
80 163 9
137 163 9
81 164 9
137 164 9
81 165 9
137 165 9
82 166 9
136 166 9
137 166 9
83 167 9
136 167 9
137 167 9
83 168 9
137 168 9
84 169 9
85 169 9
137 169 9
86 170 9
136 170 9
87 171 9
88 171 9
89 171 9
90 171 9
91 171 9
135 171 9
92 172 9
134 172 9
92 173 9
134 173 9
91 174 9
92 174 9
106 174 9
107 174 9
108 174 9
109 174 9
110 174 9
122 174 9
123 174 9
124 174 9
133 174 9
93 175 9
104 175 9
105 175 9
110 175 9
121 175 9
122 175 9
125 175 9
133 175 9
93 176 9
103 176 9
110 176 9
114 176 9
115 176 9
116 176 9
120 176 9
125 176 9
133 176 9
93 177 9
101 177 9
102 177 9
111 177 9
112 177 9
113 177 9
117 177 9
118 177 9
119 177 9
125 177 9
133 177 9
94 178 9
101 178 9
126 178 9
132 178 9
95 179 9
96 179 9
100 179 9
101 179 9
127 179 9
129 179 9
130 179 9
131 179 9
132 179 9
97 180 9
98 180 9
99 180 9
128 180 9
129 180 9
131 180 9
97 181 9
98 181 9
94 118 10
111 118 10
112 118 10
113 118 10
93 119 10
95 119 10
96 119 10
97 119 10
111 119 10
112 119 10
113 119 10
91 120 10
92 120 10
98 120 10
99 120 10
100 120 10
101 120 10
102 120 10
103 120 10
112 120 10
113 120 10
114 120 10
90 121 10
104 121 10
105 121 10
106 121 10
107 121 10
111 121 10
112 121 10
113 121 10
114 121 10
89 122 10
108 122 10
109 122 10
110 122 10
111 122 10
114 122 10
115 122 10
88 123 10
115 123 10
87 124 10
116 124 10
86 125 10
117 125 10
118 125 10
85 126 10
119 126 10
84 127 10
120 127 10
121 127 10
122 127 10
82 128 10
83 128 10
122 128 10
123 128 10
81 129 10
82 129 10
124 129 10
80 130 10
124 130 10
79 131 10
125 131 10
79 132 10
125 132 10
76 133 10
78 133 10
125 133 10
76 134 10
77 134 10
126 134 10
75 135 10
127 135 10
74 136 10
127 136 10
74 137 10
127 137 10
128 137 10
73 138 10
128 138 10
73 139 10
128 139 10
72 140 10
129 140 10
72 141 10
130 141 10
73 142 10
130 142 10
73 143 10
130 143 10
72 144 10
131 144 10
72 145 10
132 145 10
72 146 10
132 146 10
72 147 10
132 147 10
133 147 10
134 147 10
135 147 10
73 148 10
136 148 10
137 148 10
74 149 10
138 149 10
74 150 10
139 150 10
75 151 10
139 151 10
74 152 10
140 152 10
73 153 10
140 153 10
73 154 10
139 154 10
73 155 10
74 155 10
138 155 10
75 156 10
138 156 10
75 157 10
138 157 10
76 158 10
137 158 10
77 159 10
138 159 10
77 160 10
137 160 10
78 161 10
137 161 10
79 162 10
137 162 10
80 163 10
137 163 10
81 164 10
136 164 10
137 164 10
81 165 10
136 165 10
137 165 10
82 166 10
136 166 10
83 167 10
84 167 10
136 167 10
84 168 10
85 168 10
137 168 10
86 169 10
137 169 10
87 170 10
88 170 10
89 170 10
90 170 10
136 170 10
91 171 10
92 171 10
135 171 10
92 172 10
135 172 10
92 173 10
120 173 10
134 173 10
91 174 10
120 174 10
123 174 10
124 174 10
133 174 10
90 175 10
91 175 10
92 175 10
105 175 10
106 175 10
107 175 10
108 175 10
109 175 10
120 175 10
121 175 10
123 175 10
125 175 10
133 175 10
91 176 10
92 176 10
104 176 10
109 176 10
116 176 10
117 176 10
119 176 10
122 176 10
123 176 10
125 176 10
133 176 10
91 177 10
92 177 10
103 177 10
110 177 10
114 177 10
115 177 10
118 177 10
123 177 10
124 177 10
125 177 10
133 177 10
92 178 10
93 178 10
102 178 10
111 178 10
112 178 10
113 178 10
125 178 10
126 178 10
132 178 10
93 179 10
94 179 10
95 179 10
101 179 10
127 179 10
128 179 10
129 179 10
130 179 10
131 179 10
132 179 10
95 180 10
96 180 10
100 180 10
128 180 10
96 181 10
97 181 10
98 181 10
99 181 10
98 182 10
93 118 11
94 118 11
92 119 11
95 119 11
96 119 11
91 120 11
97 120 11
98 120 11
99 120 11
100 120 11
101 120 11
102 120 11
90 121 11
103 121 11
104 121 11
105 121 11
106 121 11
107 121 11
112 121 11
113 121 11
114 121 11
89 122 11
108 122 11
109 122 11
110 122 11
111 122 11
114 122 11
88 123 11
115 123 11
86 124 11
87 124 11
116 124 11
85 125 11
116 125 11
117 125 11
118 125 11
119 125 11
83 126 11
84 126 11
119 126 11
82 127 11
83 127 11
120 127 11
81 128 11
121 128 11
80 129 11
122 129 11
123 129 11
79 130 11
123 130 11
124 130 11
78 131 11
124 131 11
77 132 11
78 132 11
124 132 11
76 133 11
77 133 11
125 133 11
76 134 11
125 134 11
75 135 11
125 135 11
126 135 11
74 136 11
126 136 11
73 137 11
126 137 11
72 138 11
127 138 11
72 139 11
127 139 11
71 140 11
128 140 11
71 141 11
129 141 11
72 142 11
129 142 11
72 143 11
129 143 11
71 144 11
130 144 11
71 145 11
130 145 11
131 145 11
71 146 11
130 146 11
131 146 11
71 147 11
130 147 11
131 147 11
71 148 11
72 148 11
131 148 11
132 148 11
133 148 11
134 148 11
135 148 11
73 149 11
132 149 11
136 149 11
137 149 11
74 150 11
138 150 11
139 150 11
74 151 11
139 151 11
73 152 11
139 152 11
72 153 11
140 153 11
72 154 11
139 154 11
73 155 11
138 155 11
73 156 11
74 156 11
138 156 11
73 157 11
74 157 11
138 157 11
74 158 11
75 158 11
137 158 11
75 159 11
76 159 11
77 159 11
137 159 11
78 160 11
137 160 11
79 161 11
137 161 11
79 162 11
137 162 11
80 163 11
136 163 11
81 164 11
136 164 11
82 165 11
136 165 11
83 166 11
136 166 11
84 167 11
136 167 11
84 168 11
136 168 11
85 169 11
86 169 11
136 169 11
87 170 11
88 170 11
89 170 11
136 170 11
90 171 11
136 171 11
90 172 11
91 172 11
120 172 11
135 172 11
91 173 11
119 173 11
120 173 11
121 173 11
134 173 11
90 174 11
107 174 11
108 174 11
119 174 11
121 174 11
133 174 11
89 175 11
104 175 11
105 175 11
106 175 11
108 175 11
117 175 11
119 175 11
121 175 11
124 175 11
133 175 11
90 176 11
103 176 11
108 176 11
116 176 11
118 176 11
121 176 11
122 176 11
124 176 11
133 176 11
90 177 11
104 177 11
109 177 11
115 177 11
122 177 11
123 177 11
125 177 11
126 177 11
127 177 11
130 177 11
131 177 11
132 177 11
90 178 11
91 178 11
103 178 11
110 178 11
111 178 11
114 178 11
124 178 11
125 178 11
127 178 11
128 178 11
129 178 11
130 178 11
131 178 11
132 178 11
91 179 11
92 179 11
93 179 11
94 179 11
95 179 11
102 179 11
112 179 11
113 179 11
96 180 11
101 180 11
97 181 11
100 181 11
98 182 11
99 182 11
93 119 12
94 119 12
92 120 12
95 120 12
96 120 12
91 121 12
97 121 12
98 121 12
99 121 12
100 121 12
101 121 12
102 121 12
103 121 12
111 121 12
112 121 12
113 121 12
90 122 12
104 122 12
105 122 12
106 122 12
107 122 12
109 122 12
110 122 12
114 122 12
89 123 12
108 123 12
115 123 12
87 124 12
88 124 12
116 124 12
117 124 12
86 125 12
117 125 12
118 125 12
119 125 12
120 125 12
85 126 12
120 126 12
83 127 12
84 127 12
120 127 12
82 128 12
120 128 12
81 129 12
121 129 12
80 130 12
122 130 12
79 131 12
123 131 12
124 131 12
78 132 12
123 132 12
77 133 12
124 133 12
76 134 12
124 134 12
75 135 12
124 135 12
74 136 12
125 136 12
73 137 12
126 137 12
73 138 12
126 138 12
72 139 12
127 139 12
71 140 12
128 140 12
71 141 12
128 141 12
71 142 12
129 142 12
71 143 12
129 143 12
71 144 12
130 144 12
70 145 12
130 145 12
70 146 12
131 146 12
71 147 12
131 147 12
72 148 12
131 148 12
72 149 12
132 149 12
133 149 12
134 149 12
135 149 12
136 149 12
73 150 12
133 150 12
137 150 12
138 150 12
73 151 12
138 151 12
72 152 12
138 152 12
72 153 12
138 153 12
139 153 12
72 154 12
138 154 12
73 155 12
137 155 12
138 155 12
74 156 12
136 156 12
137 156 12
74 157 12
136 157 12
137 157 12
74 158 12
135 158 12
136 158 12
75 159 12
76 159 12
77 159 12
136 159 12
78 160 12
136 160 12
78 161 12
136 161 12
79 162 12
137 162 12
80 163 12
136 163 12
81 164 12
136 164 12
81 165 12
136 165 12
82 166 12
137 166 12
83 167 12
136 167 12
83 168 12
136 168 12
83 169 12
84 169 12
85 169 12
86 169 12
136 169 12
87 170 12
88 170 12
89 170 12
137 170 12
90 171 12
136 171 12
90 172 12
135 172 12
90 173 12
107 173 12
108 173 12
109 173 12
133 173 12
134 173 12
90 174 12
104 174 12
105 174 12
106 174 12
109 174 12
120 174 12
132 174 12
133 174 12
89 175 12
103 175 12
109 175 12
118 175 12
119 175 12
120 175 12
132 175 12
89 176 12
102 176 12
109 176 12
117 176 12
119 176 12
120 176 12
131 176 12
132 176 12
89 177 12
90 177 12
103 177 12
110 177 12
116 177 12
120 177 12
121 177 12
129 177 12
130 177 12
90 178 12
102 178 12
111 178 12
115 178 12
121 178 12
122 178 12
123 178 12
126 178 12
129 178 12
91 179 12
92 179 12
93 179 12
94 179 12
95 179 12
96 179 12
101 179 12
112 179 12
113 179 12
114 179 12
124 179 12
125 179 12
127 179 12
128 179 12
97 180 12
101 180 12
98 181 12
100 181 12
99 182 12
93 120 13
94 120 13
95 120 13
92 121 13
96 121 13
97 121 13
98 121 13
111 121 13
112 121 13
113 121 13
114 121 13
91 122 13
99 122 13
100 122 13
101 122 13
102 122 13
103 122 13
104 122 13
108 122 13
109 122 13
110 122 13
114 122 13
90 123 13
105 123 13
106 123 13
107 123 13
115 123 13
89 124 13
116 124 13
87 125 13
88 125 13
116 125 13
117 125 13
118 125 13
119 125 13
86 126 13
119 126 13
85 127 13
120 127 13
83 128 13
84 128 13
121 128 13
82 129 13
122 129 13
81 130 13
122 130 13
80 131 13
122 131 13
79 132 13
123 132 13
76 133 13
78 133 13
79 133 13
123 133 13
76 134 13
77 134 13
78 134 13
124 134 13
75 135 13
124 135 13
74 136 13
125 136 13
73 137 13
125 137 13
73 138 13
126 138 13
72 139 13
127 139 13
72 140 13
128 140 13
71 141 13
128 141 13
71 142 13
129 142 13
71 143 13
129 143 13
71 144 13
129 144 13
70 145 13
130 145 13
70 146 13
130 146 13
71 147 13
131 147 13
71 148 13
132 148 13
72 149 13
133 149 13
134 149 13
135 149 13
136 149 13
137 149 13
72 150 13
137 150 13
72 151 13
138 151 13
73 152 13
138 152 13
73 153 13
138 153 13
73 154 13
137 154 13
138 154 13
73 155 13
137 155 13
74 156 13
135 156 13
136 156 13
75 157 13
136 157 13
74 158 13
135 158 13
75 159 13
76 159 13
77 159 13
135 159 13
78 160 13
136 160 13
79 161 13
136 161 13
79 162 13
137 162 13
80 163 13
136 163 13
81 164 13
136 164 13
81 165 13
137 165 13
81 166 13
137 166 13
82 167 13
83 167 13
136 167 13
83 168 13
136 168 13
83 169 13
84 169 13
85 169 13
86 169 13
136 169 13
87 170 13
88 170 13
89 170 13
136 170 13
90 171 13
136 171 13
90 172 13
135 172 13
90 173 13
133 173 13
134 173 13
90 174 13
104 174 13
105 174 13
106 174 13
107 174 13
108 174 13
109 174 13
132 174 13
133 174 13
90 175 13
102 175 13
103 175 13
109 175 13
120 175 13
132 175 13
90 176 13
102 176 13
110 176 13
118 176 13
119 176 13
131 176 13
91 177 13
102 177 13
111 177 13
117 177 13
119 177 13
130 177 13
91 178 13
92 178 13
95 178 13
101 178 13
112 178 13
113 178 13
116 178 13
117 178 13
119 178 13
120 178 13
130 178 13
93 179 13
94 179 13
96 179 13
101 179 13
114 179 13
115 179 13
116 179 13
121 179 13
122 179 13
123 179 13
126 179 13
128 179 13
129 179 13
130 179 13
97 180 13
98 180 13
100 180 13
124 180 13
125 180 13
127 180 13
128 180 13
99 181 13
93 121 14
94 121 14
95 121 14
96 121 14
112 121 14
113 121 14
92 122 14
97 122 14
98 122 14
99 122 14
100 122 14
101 122 14
111 122 14
114 122 14
91 123 14
102 123 14
103 123 14
104 123 14
105 123 14
108 123 14
109 123 14
110 123 14
115 123 14
90 124 14
106 124 14
107 124 14
108 124 14
116 124 14
117 124 14
88 125 14
89 125 14
118 125 14
119 125 14
87 126 14
120 126 14
86 127 14
120 127 14
84 128 14
85 128 14
121 128 14
83 129 14
121 129 14
82 130 14
122 130 14
81 131 14
122 131 14
80 132 14
123 132 14
79 133 14
80 133 14
123 133 14
78 134 14
79 134 14
124 134 14
76 135 14
77 135 14
124 135 14
75 136 14
125 136 14
74 137 14
125 137 14
74 138 14
126 138 14
73 139 14
127 139 14
73 140 14
127 140 14
72 141 14
128 141 14
72 142 14
129 142 14
72 143 14
128 143 14
71 144 14
129 144 14
130 144 14
71 145 14
130 145 14
71 146 14
131 146 14
71 147 14
131 147 14
72 148 14
132 148 14
72 149 14
133 149 14
134 149 14
135 149 14
136 149 14
73 150 14
137 150 14
138 150 14
73 151 14
138 151 14
73 152 14
138 152 14
74 153 14
138 153 14
74 154 14
137 154 14
74 155 14
137 155 14
74 156 14
135 156 14
136 156 14
75 157 14
136 157 14
75 158 14
135 158 14
75 159 14
76 159 14
77 159 14
135 159 14
78 160 14
135 160 14
79 161 14
136 161 14
79 162 14
137 162 14
80 163 14
136 163 14
81 164 14
136 164 14
81 165 14
137 165 14
82 166 14
137 166 14
83 167 14
136 167 14
83 168 14
136 168 14
84 169 14
85 169 14
86 169 14
136 169 14
87 170 14
88 170 14
89 170 14
136 170 14
90 171 14
136 171 14
90 172 14
135 172 14
89 173 14
133 173 14
134 173 14
90 174 14
132 174 14
91 175 14
92 175 14
104 175 14
105 175 14
106 175 14
107 175 14
108 175 14
109 175 14
110 175 14
132 175 14
91 176 14
102 176 14
103 176 14
110 176 14
118 176 14
132 176 14
92 177 14
101 177 14
111 177 14
117 177 14
118 177 14
131 177 14
92 178 14
101 178 14
112 178 14
114 178 14
115 178 14
117 178 14
118 178 14
131 178 14
93 179 14
94 179 14
95 179 14
96 179 14
98 179 14
100 179 14
113 179 14
116 179 14
119 179 14
120 179 14
129 179 14
131 179 14
97 180 14
99 180 14
120 180 14
121 180 14
122 180 14
123 180 14
126 180 14
127 180 14
128 180 14
129 180 14
130 180 14
124 181 14
125 181 14
126 181 14
127 181 14
128 181 14
